chr	start	end	feature1	feature2	length
chr4_KI270789v1_alt	119647	122341	L1MB3_LINE_119647_122341	repeat	2694
chr4_KI270789v1_alt	32390	34192	L2a_LINE_32390_34192	repeat	1802
chr4_KI270789v1_alt	41074	42733	L1MA5_LINE_41074_42733	repeat	1659
chr4_KI270789v1_alt	147106	148750	L1PA16_LINE_147106_148750	repeat	1644
chr4_KI270789v1_alt	43482	45069	L1MA5_LINE_43482_45069	repeat	1587
chr4_KI270789v1_alt	82745	84312	L1MEc_LINE_82745_84312	repeat	1567
chr4_KI270789v1_alt	193405	194858	L1PA14_LINE_193405_194858	repeat	1453
chr4_KI270789v1_alt	202179	203614	L1ME1_LINE_202179_203614	repeat	1435
chr4_KI270789v1_alt	5582	6720	L1MA4_LINE_5582_6720	repeat	1138
chr4_KI270789v1_alt	136541	137677	L1PA6_LINE_136541_137677	repeat	1136
chr4_KI270789v1_alt	185266	186386	THE1B-int_LTR_185266_186386	repeat	1120
chr4_KI270789v1_alt	153536	154630	L1ME1_LINE_153536_154631	repeat	1094
chr4_KI270789v1_alt	21494	22540	L1PBa_LINE_21479_22540	repeat	1046
chr4_KI270789v1_alt	49433	50432	LTR13_LTR_49433_50432	repeat	999
chr4_KI270789v1_alt	73571	74537	Tigger3b_DNA_73571_74537	repeat	966
chr4_KI270789v1_alt	13821	14741	L1ME1_LINE_13821_14741	repeat	920
chr4_KI270789v1_alt	11857	12774	L1M3b_LINE_11823_12805	repeat	917
chr4_KI270789v1_alt	65239	66001	LTR1B_LTR_65239_66001	repeat	762
chr4_KI270789v1_alt	145443	146199	L2_LINE_145443_146199	repeat	756
chr4_KI270789v1_alt	11095	11823	L1MA7_LINE_11095_11857	repeat	728
chr4_KI270789v1_alt	12805	13532	L1M3b_LINE_12774_13532	repeat	727
chr4_KI270789v1_alt	190044	190769	L4_C_Mam_LINE_190044_190769	repeat	725
chr4_KI270789v1_alt	79611	80296	L1MEd_LINE_79611_80296	repeat	685
chr4_KI270789v1_alt	10366	11050	L1MA7_LINE_10366_11050	repeat	684
chr4_KI270789v1_alt	115716	116324	LTR36_LTR_115716_116324	repeat	608
chr4_KI270789v1_alt	96882	97449	LTR22_LTR_96882_97449	repeat	567
chr4_KI270789v1_alt	74605	75162	MLT2B1_LTR_74605_75162	repeat	557
chr4_KI270789v1_alt	58384	58934	MER4CL34_LTR_58384_58934	repeat	550
chr4_KI270789v1_alt	22577	23119	L1PBa_LINE_22577_23119	repeat	542
chr4_KI270789v1_alt	78849	79384	L1M4_LINE_78849_79384	repeat	535
chr4_KI270789v1_alt	150541	151072	HAL1ME_LINE_150541_151072	repeat	531
chr4_KI270789v1_alt	86080	86602	MLT1E2_LTR_86080_86602	repeat	522
chr4_KI270789v1_alt	141241	141762	L1PREC2_LINE_141241_141767	repeat	521
chr4_KI270789v1_alt	141767	142262	L1MB2_LINE_141762_142262	repeat	495
chr4_KI270789v1_alt	90513	91007	L2a_LINE_90513_91007	repeat	494
chr4_KI270789v1_alt	184477	184968	THE1B-int_LTR_184477_184968	repeat	491
chr4_KI270789v1_alt	118702	119172	LTR12__LTR_118702_119172	repeat	470
chr4_KI270789v1_alt	89532	89980	LOR1b_LTR_89532_89980	repeat	448
chr4_KI270789v1_alt	34784	35225	MLT1D_LTR_34784_35225	repeat	441
chr4_KI270789v1_alt	143743	144183	MLT1D_LTR_143743_144183	repeat	440
chr4_KI270789v1_alt	148750	149180	LOR1b_LTR_148750_149180	repeat	430
chr4_KI270789v1_alt	201723	202151	MLT1C_LTR_201723_202151	repeat	428
chr4_KI270789v1_alt	91078	91499	L2a_LINE_91078_91499	repeat	421
chr4_KI270789v1_alt	122378	122792	LOR1b_LTR_122378_122792	repeat	414
chr4_KI270789v1_alt	54445	54856	LTR16C_LTR_54445_54856	repeat	411
chr4_KI270789v1_alt	131090	131500	L1PA7_LINE_131090_131500	repeat	410
chr4_KI270789v1_alt	31974	32377	LTR16B_LTR_31974_32377	repeat	403
chr4_KI270789v1_alt	35225	35623	LTR52_LTR_35225_35623	repeat	398
chr4_KI270789v1_alt	23257	23655	L2b_LINE_23257_23655	repeat	398
chr4_KI270789v1_alt	56131	56523	MER57A1_LTR_56131_56523	repeat	392
chr4_KI270789v1_alt	205510	205899	L1M5_LINE_205510_205899	repeat	389
chr4_KI270789v1_alt	203812	204189	Tigger3a_DNA_203812_204189	repeat	377
chr4_KI270789v1_alt	94061	94434	LTR16B2_LTR_94061_94434	repeat	373
chr4_KI270789v1_alt	48797	49155	THE1B_LTR_48797_49155	repeat	358
chr4_KI270789v1_alt	183490	183846	THE1B_LTR_183490_183846	repeat	356
chr4_KI270789v1_alt	71427	71780	L2a_LINE_71427_71780	repeat	353
chr4_KI270789v1_alt	184127	184477	THE1B_LTR_184127_184477	repeat	350
chr4_KI270789v1_alt	34192	34542	MLT1A0_LTR_34192_34542	repeat	350
chr4_KI270789v1_alt	139728	140075	MSTD_LTR_139728_140075	repeat	347
chr4_KI270789v1_alt	186386	186731	THE1B_LTR_186386_186731	repeat	345
chr4_KI270789v1_alt	72190	72529	MER2_DNA_72190_72529	repeat	339
chr4_KI270789v1_alt	92054	92392	MER2_DNA_92054_92392	repeat	338
chr4_KI270789v1_alt	137985	138313	L1PA6_LINE_137985_138313	repeat	328
chr4_KI270789v1_alt	47119	47445	AluSp_SINE_47119_47445	repeat	326
chr4_KI270789v1_alt	35624	35949	AluSz_SINE_35624_35949	repeat	325
chr4_KI270789v1_alt	155199	155522	AluSx1_SINE_155199_155522	repeat	323
chr4_KI270789v1_alt	28726	29046	AluSx_SINE_28726_29046	repeat	320
chr4_KI270789v1_alt	52146	52465	AluY_SINE_52146_52465	repeat	319
chr4_KI270789v1_alt	159764	160082	MER44A_DNA_159764_160082	repeat	318
chr4_KI270789v1_alt	150138	150454	L1ME4a_LINE_150138_150454	repeat	316
chr4_KI270789v1_alt	76295	76610	AluSx_SINE_76295_76610	repeat	315
chr4_KI270789v1_alt	85481	85796	AluJo_SINE_85481_85796	repeat	315
chr4_KI270789v1_alt	62172	62486	AluSz_SINE_62172_62486	repeat	314
chr4_KI270789v1_alt	149180	149494	AluSc_SINE_149180_149494	repeat	314
chr4_KI270789v1_alt	71780	72094	AluSx3_SINE_71780_72094	repeat	314
chr4_KI270789v1_alt	127931	128242	AluY_SINE_127931_128242	repeat	311
chr4_KI270789v1_alt	7420	7731	AluSg7_SINE_7420_7731	repeat	311
chr4_KI270789v1_alt	3018	3328	AluSx3_SINE_3018_3328	repeat	310
chr4_KI270789v1_alt	43172	43482	LOR1b_LTR_43172_43482	repeat	310
chr4_KI270789v1_alt	3934	4244	AluSx1_SINE_3934_4244	repeat	310
chr4_KI270789v1_alt	116333	116643	AluSq_SINE_116333_116643	repeat	310
chr4_KI270789v1_alt	192717	193026	AluY_SINE_192717_193026	repeat	309
chr4_KI270789v1_alt	1615	1924	AluY_SINE_1615_1924	repeat	309
chr4_KI270789v1_alt	130248	130557	AluSz_SINE_130248_130557	repeat	309
chr4_KI270789v1_alt	137677	137985	AluYi6_SINE_137677_137985	repeat	308
chr4_KI270789v1_alt	39698	40006	L2_LINE_39698_40006	repeat	308
chr4_KI270789v1_alt	60660	60968	AluY_SINE_60660_60968	repeat	308
chr4_KI270789v1_alt	64585	64893	AluSx1_SINE_64585_64893	repeat	308
chr4_KI270789v1_alt	127187	127495	AluY_SINE_127187_127495	repeat	308
chr4_KI270789v1_alt	190771	191078	AluSc_SINE_190771_191078	repeat	307
chr4_KI270789v1_alt	192186	192493	AluSq2_SINE_192186_192493	repeat	307
chr4_KI270789v1_alt	93594	93900	AluSx1_SINE_93594_93900	repeat	306
chr4_KI270789v1_alt	90185	90491	AluSz_SINE_90185_90491	repeat	306
chr4_KI270789v1_alt	5252	5558	AluSg_SINE_5252_5558	repeat	306
chr4_KI270789v1_alt	112374	112680	AluSq2_SINE_112374_112680	repeat	306
chr4_KI270789v1_alt	17894	18198	AluY_SINE_17894_18198	repeat	304
chr4_KI270789v1_alt	119294	119598	AluSx_SINE_119294_119598	repeat	304
chr4_KI270789v1_alt	123027	123331	AluSg_SINE_123027_123331	repeat	304
chr4_KI270789v1_alt	153232	153536	AluY_SINE_153232_153536	repeat	304
chr4_KI270789v1_alt	152487	152791	AluJr4_SINE_152487_152791	repeat	304
chr4_KI270789v1_alt	179983	180286	AluSq2_SINE_179983_180286	repeat	303
chr4_KI270789v1_alt	174433	174736	AluYa5_SINE_174433_174736	repeat	303
chr4_KI270789v1_alt	117258	117560	AluSx3_SINE_117258_117560	repeat	302
chr4_KI270789v1_alt	15691	15993	AluSx_SINE_15691_15993	repeat	302
chr4_KI270789v1_alt	100671	100972	AluY_SINE_100671_100972	repeat	301
chr4_KI270789v1_alt	29865	30166	AluSx1_SINE_29865_30166	repeat	301
chr4_KI270789v1_alt	40210	40511	AluSc5_SINE_40210_40511	repeat	301
chr4_KI270789v1_alt	114472	114773	AluSc8_SINE_114472_114773	repeat	301
chr4_KI270789v1_alt	194858	195159	AluSz_SINE_194858_195159	repeat	301
chr4_KI270789v1_alt	15993	16293	MamGypLTR1a_LTR_15993_16293	repeat	300
chr4_KI270789v1_alt	15028	15327	AluY_SINE_15028_15327	repeat	299
chr4_KI270789v1_alt	94581	94880	AluSx1_SINE_94581_94880	repeat	299
chr4_KI270789v1_alt	184968	185266	AluSx3_SINE_184968_185266	repeat	298
chr4_KI270789v1_alt	133601	133899	AluSg7_SINE_133601_133899	repeat	298
chr4_KI270789v1_alt	10069	10366	AluSc8_SINE_10069_10366	repeat	297
chr4_KI270789v1_alt	78526	78823	L1MEd_LINE_78526_78823	repeat	297
chr4_KI270789v1_alt	36944	37240	AluSx1_SINE_36944_37240	repeat	296
chr4_KI270789v1_alt	157645	157941	AluSg_SINE_157645_157941	repeat	296
chr4_KI270789v1_alt	159079	159375	AluY_SINE_159079_159375	repeat	296
chr4_KI270789v1_alt	204696	204992	AluSx3_SINE_204696_204992	repeat	296
chr4_KI270789v1_alt	81276	81572	AluSg_SINE_81276_81572	repeat	296
chr4_KI270789v1_alt	180298	180593	AluSz_SINE_180298_180593	repeat	295
chr4_KI270789v1_alt	113437	113732	MSTD_LTR_113437_113732	repeat	295
chr4_KI270789v1_alt	187888	188182	L1ME4b_LINE_187888_188182	repeat	294
chr4_KI270789v1_alt	68193	68487	AluSc8_SINE_68193_68487	repeat	294
chr4_KI270789v1_alt	182720	183014	AluSg_SINE_182720_183014	repeat	294
chr4_KI270789v1_alt	50662	50955	AluSx_SINE_50662_50955	repeat	293
chr4_KI270789v1_alt	51007	51300	AluSg4_SINE_51007_51300	repeat	293
chr4_KI270789v1_alt	102178	102470	AluSp_SINE_102178_102470	repeat	292
chr4_KI270789v1_alt	77934	78226	AluSq2_SINE_77934_78226	repeat	292
chr4_KI270789v1_alt	73279	73571	AluSx_SINE_73279_73571	repeat	292
chr4_KI270789v1_alt	91509	91800	AluSc_SINE_91509_91800	repeat	291
chr4_KI270789v1_alt	97912	98202	AluY_SINE_97912_98202	repeat	290
chr4_KI270789v1_alt	42883	43172	AluYf1_SINE_42883_43172	repeat	289
chr4_KI270789v1_alt	89054	89343	L2c_LINE_89052_89343	repeat	289
chr4_KI270789v1_alt	56523	56811	AluSq_SINE_56523_56811	repeat	288
chr4_KI270789v1_alt	27930	28218	AluSx_SINE_27930_28218	repeat	288
chr4_KI270789v1_alt	176810	177097	AluSc_SINE_176810_177097	repeat	287
chr4_KI270789v1_alt	93042	93329	L2a_LINE_93042_93329	repeat	287
chr4_KI270789v1_alt	39406	39692	AluSg7_SINE_39406_39692	repeat	286
chr4_KI270789v1_alt	188351	188636	L1M5_LINE_188351_188636	repeat	285
chr4_KI270789v1_alt	134922	135206	AluY_SINE_134922_135206	repeat	284
chr4_KI270789v1_alt	189203	189486	AluY_SINE_189203_189486	repeat	283
chr4_KI270789v1_alt	55308	55588	AluY_SINE_55308_55588	repeat	280
chr4_KI270789v1_alt	187277	187556	AluY_SINE_187277_187556	repeat	279
chr4_KI270789v1_alt	20752	21030	AluSx1_SINE_20752_21030	repeat	278
chr4_KI270789v1_alt	130740	131017	AluSz6_SINE_130740_131017	repeat	277
chr4_KI270789v1_alt	51693	51970	AluSg7_SINE_51693_51970	repeat	277
chr4_KI270789v1_alt	84317	84590	AluSp_SINE_84317_84590	repeat	273
chr4_KI270789v1_alt	14741	15012	AluJb_SINE_14741_15012	repeat	271
chr4_KI270789v1_alt	63303	63572	L1ME3B_LINE_63303_63572	repeat	269
chr4_KI270789v1_alt	195159	195428	L1PA14_LINE_195159_195428	repeat	269
chr4_KI270789v1_alt	61229	61498	L1M7_LINE_61229_61498	repeat	269
chr4_KI270789v1_alt	31584	31851	L2a_LINE_31584_31851	repeat	267
chr4_KI270789v1_alt	100239	100505	MER2_DNA_100239_100505	repeat	266
chr4_KI270789v1_alt	59444	59702	MLT1D_LTR_59444_59702	repeat	258
chr4_KI270789v1_alt	45073	45327	L1MA5_LINE_45073_45327	repeat	254
chr4_KI270789v1_alt	198793	199037	MER102b_DNA_198793_199037	repeat	244
chr4_KI270789v1_alt	58141	58384	MER30_DNA_58141_58384	repeat	243
chr4_KI270789v1_alt	123660	123902	MIRb_SINE_123660_123902	repeat	242
chr4_KI270789v1_alt	123339	123577	AluSx1_SINE_123339_123577	repeat	238
chr4_KI270789v1_alt	76058	76295	MLT1H_LTR_76058_76295	repeat	237
chr4_KI270789v1_alt	142428	142659	L1MB2_LINE_142428_142659	repeat	231
chr4_KI270789v1_alt	122794	123024	L1MB3_LINE_122794_123024	repeat	230
chr4_KI270789v1_alt	48569	48797	LTR40a_LTR_48569_48797	repeat	228
chr4_KI270789v1_alt	76610	76837	MLT1H_LTR_76610_76837	repeat	227
chr4_KI270789v1_alt	88833	89052	L2a_LINE_88833_89054	repeat	219
chr4_KI270789v1_alt	358	575	MIRb_SINE_358_575	repeat	217
chr4_KI270789v1_alt	25246	25455	AluSx3_SINE_25246_25455	repeat	209
chr4_KI270789v1_alt	140661	140870	AluSz6_SINE_140661_140870	repeat	209
chr4_KI270789v1_alt	84687	84895	MIRc_SINE_84687_84895	repeat	208
chr4_KI270789v1_alt	73072	73279	Tigger3b_DNA_73072_73279	repeat	207
chr4_KI270789v1_alt	112168	112374	L2b_LINE_112168_112374	repeat	206
chr4_KI270789v1_alt	149544	149749	L1PA16_LINE_149544_149749	repeat	205
chr4_KI270789v1_alt	186769	186972	MIRc_SINE_186769_186972	repeat	203
chr4_KI270789v1_alt	92718	92920	L2c_LINE_92718_92920	repeat	202
chr4_KI270789v1_alt	89980	90182	L1MB7_LINE_89980_90182	repeat	202
chr4_KI270789v1_alt	85796	85993	L1MA8_LINE_85796_85993	repeat	197
chr4_KI270789v1_alt	66849	67044	MIRb_SINE_66849_67044	repeat	195
chr4_KI270789v1_alt	34542	34736	L2a_LINE_34542_34736	repeat	194
chr4_KI270789v1_alt	20522	20716	L2b_LINE_20522_20716	repeat	194
chr4_KI270789v1_alt	141050	141241	AluSc_SINE_141050_141241	repeat	191
chr4_KI270789v1_alt	49155	49341	LTR40a_LTR_49155_49341	repeat	186
chr4_KI270789v1_alt	143069	143251	MIRc_SINE_143069_143255	repeat	182
chr4_KI270789v1_alt	124666	124848	MIRc_SINE_124666_124848	repeat	182
chr4_KI270789v1_alt	27736	27917	MIRb_SINE_27736_27917	repeat	181
chr4_KI270789v1_alt	108976	109156	(AT)n_Simple_repeat_108976_109156	repeat	180
chr4_KI270789v1_alt	115015	115193	L2a_LINE_115015_115193	repeat	178
chr4_KI270789v1_alt	85182	85358	MIRb_SINE_85182_85358	repeat	176
chr4_KI270789v1_alt	25023	25197	AluSx3_SINE_25023_25197	repeat	174
chr4_KI270789v1_alt	19410	19584	AluYh3_SINE_19410_19584	repeat	174
chr4_KI270789v1_alt	205257	205429	L1M5_LINE_205257_205429	repeat	172
chr4_KI270789v1_alt	179023	179193	Tigger12c_DNA_179023_179193	repeat	170
chr4_KI270789v1_alt	71160	71328	AluYh3_SINE_71160_71328	repeat	168
chr4_KI270789v1_alt	154631	154799	L1ME1_LINE_154630_154799	repeat	168
chr4_KI270789v1_alt	129942	130108	AluJo_SINE_129942_130108	repeat	166
chr4_KI270789v1_alt	7153	7318	MIR_SINE_7153_7318	repeat	165
chr4_KI270789v1_alt	124893	125052	MIR_SINE_124893_125052	repeat	159
chr4_KI270789v1_alt	154989	155146	L1ME1_LINE_154989_155146	repeat	157
chr4_KI270789v1_alt	97575	97730	MIR3_SINE_97575_97730	repeat	155
chr4_KI270789v1_alt	152791	152944	L1MC4a_LINE_152791_152944	repeat	153
chr4_KI270789v1_alt	98430	98583	LTR33A__LTR_98430_98583	repeat	153
chr4_KI270789v1_alt	42733	42883	LOR1b_LTR_42733_42883	repeat	150
chr4_KI270789v1_alt	199639	199787	MIR_SINE_199639_199787	repeat	148
chr4_KI270789v1_alt	8816	8963	L4_C_Mam_LINE_8816_8963	repeat	147
chr4_KI270789v1_alt	197349	197496	GA-rich_Low_complexity_197349_197496	repeat	147
chr4_KI270789v1_alt	75471	75617	L2a_LINE_75471_75617	repeat	146
chr4_KI270789v1_alt	15327	15472	L1ME1_LINE_15327_15472	repeat	145
chr4_KI270789v1_alt	81907	82051	LTR33_LTR_81907_82051	repeat	144
chr4_KI270789v1_alt	111094	111238	L3_LINE_111094_111238	repeat	144
chr4_KI270789v1_alt	139543	139687	LTR81_LTR_139543_139687	repeat	144
chr4_KI270789v1_alt	174175	174318	MIRc_SINE_174175_174318	repeat	143
chr4_KI270789v1_alt	124006	124148	MIRc_SINE_124006_124148	repeat	142
chr4_KI270789v1_alt	61881	62022	MLT1H_LTR_61881_62022	repeat	141
chr4_KI270789v1_alt	59018	59158	MLT1D_LTR_59018_59158	repeat	140
chr4_KI270789v1_alt	2404	2543	AluSz_SINE_2404_2543	repeat	139
chr4_KI270789v1_alt	98944	99082	LTR33A__LTR_98944_99082	repeat	138
chr4_KI270789v1_alt	181116	181251	MIR3_SINE_181116_181251	repeat	135
chr4_KI270789v1_alt	199216	199350	AluJr4_SINE_199216_199350	repeat	134
chr4_KI270789v1_alt	100029	100160	(TA)n_Simple_repeat_100029_100160	repeat	131
chr4_KI270789v1_alt	89402	89532	L1MB7_LINE_89402_89532	repeat	130
chr4_KI270789v1_alt	50473	50601	L2c_LINE_50473_50601	repeat	128
chr4_KI270789v1_alt	102045	102172	MamTip2_DNA_102045_102172	repeat	127
chr4_KI270789v1_alt	40511	40635	MER5A_DNA_40511_40635	repeat	124
chr4_KI270789v1_alt	6776	6899	L2a_LINE_6776_6899	repeat	123
chr4_KI270789v1_alt	161472	161593	L2c_LINE_161472_161593	repeat	121
chr4_KI270789v1_alt	127811	127931	MIR_SINE_127811_127931	repeat	120
chr4_KI270789v1_alt	21307	21423	L1PBa_LINE_21307_21447	repeat	116
chr4_KI270789v1_alt	134468	134579	MIR1_Amn_SINE_134468_134579	repeat	111
chr4_KI270789v1_alt	9958	10069	L1MA7_LINE_9958_10069	repeat	111
chr4_KI270789v1_alt	72533	72640	MIR_SINE_72533_72640	repeat	107
chr4_KI270789v1_alt	112680	112786	L2b_LINE_112680_112830	repeat	106
chr4_KI270789v1_alt	28538	28642	L1MC1_LINE_28538_28642	repeat	104
chr4_KI270789v1_alt	113167	113269	L2_LINE_113167_113269	repeat	102
chr4_KI270789v1_alt	72969	73069	(AC)n_Simple_repeat_72969_73069	repeat	100
chr4_KI270789v1_alt	143255	143355	MIRc_SINE_143251_143355	repeat	100
chr4_KI270789v1_alt	51319	51416	L2c_LINE_51319_51416	repeat	97
chr4_KI270789v1_alt	130137	130234	AluJo_SINE_130137_130234	repeat	97
chr4_KI270789v1_alt	36209	36303	L2a_LINE_36209_36303	repeat	94
chr4_KI270789v1_alt	177829	177923	MER102a_DNA_177829_177923	repeat	94
chr4_KI270789v1_alt	153138	153232	L1ME1_LINE_153138_153232	repeat	94
chr4_KI270789v1_alt	124343	124435	L2c_LINE_124343_124435	repeat	92
chr4_KI270789v1_alt	193270	193361	L1PA14_LINE_193270_193361	repeat	91
chr4_KI270789v1_alt	144889	144980	L1MA8_LINE_144889_144980	repeat	91
chr4_KI270789v1_alt	79451	79539	MIR_SINE_79451_79539	repeat	88
chr4_KI270789v1_alt	24189	24277	L2-1_Crp_LINE_24189_24277	repeat	88
chr4_KI270789v1_alt	119176	119260	MIRc_SINE_119176_119260	repeat	84
chr4_KI270789v1_alt	205144	205226	L1M5_LINE_205144_205226	repeat	82
chr4_KI270789v1_alt	191078	191158	GA-rich_Low_complexity_191078_191158	repeat	80
chr4_KI270789v1_alt	25712	25790	MIR_SINE_25712_25790	repeat	78
chr4_KI270789v1_alt	2303	2381	MIR_SINE_2303_2381	repeat	78
chr4_KI270789v1_alt	15615	15691	MamGypLTR1a_LTR_15615_15691	repeat	76
chr4_KI270789v1_alt	72863	72937	(TATA)n_Simple_repeat_72863_72937	repeat	74
chr4_KI270789v1_alt	60972	61045	L1M7_LINE_60972_61045	repeat	73
chr4_KI270789v1_alt	72094	72165	L2a_LINE_72094_72165	repeat	71
chr4_KI270789v1_alt	99369	99439	MamTip2_DNA_99369_99439	repeat	70
chr4_KI270789v1_alt	30519	30587	MIR_SINE_30519_30587	repeat	68
chr4_KI270789v1_alt	112830	112897	UCON71_Crp_Unknown_112786_112897	repeat	67
chr4_KI270789v1_alt	99484	99549	MER2B_DNA_99484_99549	repeat	65
chr4_KI270789v1_alt	70135	70199	(GAGA)n_Simple_repeat_70135_70199	repeat	64
chr4_KI270789v1_alt	51426	51490	LTR40a_LTR_51426_51490	repeat	64
chr4_KI270789v1_alt	152424	152487	L1MC4a_LINE_152424_152487	repeat	63
chr4_KI270789v1_alt	71098	71160	(TA)n_Simple_repeat_71098_71160	repeat	62
chr4_KI270789v1_alt	52084	52146	Charlie7_DNA_52084_52146	repeat	62
chr4_KI270789v1_alt	54331	54391	MLT1D_LTR_54331_54391	repeat	60
chr4_KI270789v1_alt	113075	113135	(CA)n_Simple_repeat_113075_113135	repeat	60
chr4_KI270789v1_alt	100524	100583	(TTATA)n_Simple_repeat_100524_100583	repeat	59
chr4_KI270789v1_alt	179724	179782	L1ME3G_LINE_179724_179782	repeat	58
chr4_KI270789v1_alt	52465	52522	Charlie7_DNA_52465_52522	repeat	57
chr4_KI270789v1_alt	140873	140928	AluYk11_SINE_140873_140928	repeat	55
chr4_KI270789v1_alt	25795	25849	(ATT)n_Simple_repeat_25795_25849	repeat	54
chr4_KI270789v1_alt	98247	98299	GA-rich_Low_complexity_98247_98299	repeat	52
chr4_KI270789v1_alt	149494	149544	LOR1b_LTR_149494_149544	repeat	50
chr4_KI270789v1_alt	117833	117883	(AATATA)n_Simple_repeat_117833_117883	repeat	50
chr4_KI270789v1_alt	128724	128774	A-rich_Low_complexity_128724_128774	repeat	50
chr4_KI270789v1_alt	176710	176760	AluSx_SINE_176710_176760	repeat	50
chr4_KI270789v1_alt	25197	25246	(AT)n_Simple_repeat_25197_25246	repeat	49
chr4_KI270789v1_alt	160178	160227	(TTCAAGA)n_Simple_repeat_160178_160227	repeat	49
chr4_KI270789v1_alt	95200	95249	MIR3_SINE_95200_95249	repeat	49
chr4_KI270789v1_alt	54391	54439	(AATTT)n_Simple_repeat_54391_54439	repeat	48
chr4_KI270789v1_alt	85434	85481	L1MA8_LINE_85434_85481	repeat	47
chr4_KI270789v1_alt	66686	66733	A-rich_Low_complexity_66686_66733	repeat	47
chr4_KI270789v1_alt	91959	92006	L2a_LINE_91959_92006	repeat	47
chr4_KI270789v1_alt	198389	198435	(ATACAC)n_Simple_repeat_198389_198435	repeat	46
chr4_KI270789v1_alt	99979	100025	(AT)n_Simple_repeat_99979_100025	repeat	46
chr4_KI270789v1_alt	183378	183424	MamTip2_DNA_183378_183424	repeat	46
chr4_KI270789v1_alt	182674	182720	(TTCTC)n_Simple_repeat_182674_182720	repeat	46
chr4_KI270789v1_alt	63149	63195	(TTCCACT)n_Simple_repeat_63149_63195	repeat	46
chr4_KI270789v1_alt	11050	11095	(TA)n_Simple_repeat_11050_11095	repeat	45
chr4_KI270789v1_alt	112786	112830	L2b_LINE_112680_112830|UCON71_Crp_Unknown_112786_112897	repeat	44
chr4_KI270789v1_alt	193361	193405	(AAAAT)n_Simple_repeat_193361_193405	repeat	44
chr4_KI270789v1_alt	160286	160328	(TA)n_Simple_repeat_160286_160328	repeat	42
chr4_KI270789v1_alt	93901	93942	(AAAGA)n_Simple_repeat_93901_93942	repeat	41
chr4_KI270789v1_alt	129825	129864	(AATG)n_Simple_repeat_129825_129864	repeat	39
chr4_KI270789v1_alt	98777	98816	(GCAGTG)n_Simple_repeat_98777_98816	repeat	39
chr4_KI270789v1_alt	67251	67289	X6A_LINE_LINE_67251_67289	repeat	38
chr4_KI270789v1_alt	56811	56849	MER57A1_LTR_56811_56849	repeat	38
chr4_KI270789v1_alt	22540	22577	(CAAAA)n_Simple_repeat_22540_22577	repeat	37
chr4_KI270789v1_alt	125761	125797	(GGAT)n_Simple_repeat_125761_125797	repeat	36
chr4_KI270789v1_alt	112928	112964	L2b_LINE_112928_112964	repeat	36
chr4_KI270789v1_alt	11823	11857	L1MA7_LINE_11095_11857|L1M3b_LINE_11823_12805	repeat	34
chr4_KI270789v1_alt	50626	50660	(TTCC)n_Simple_repeat_50626_50660	repeat	34
chr4_KI270789v1_alt	176760	176794	Alu_SINE_176760_176794	repeat	34
chr4_KI270789v1_alt	158508	158541	(TTC)n_Simple_repeat_158508_158541	repeat	33
chr4_KI270789v1_alt	21447	21479	L1PBa_LINE_21423_21494	repeat	32
chr4_KI270789v1_alt	58109	58141	MER4CL34_LTR_58109_58141	repeat	32
chr4_KI270789v1_alt	189486	189518	(AAAC)n_Simple_repeat_189486_189518	repeat	32
chr4_KI270789v1_alt	12774	12805	L1M3b_LINE_11823_12805|L1M3b_LINE_12774_13532	repeat	31
chr4_KI270789v1_alt	205226	205257	(TG)n_Simple_repeat_205226_205257	repeat	31
chr4_KI270789v1_alt	204999	205029	(TTTC)n_Simple_repeat_204999_205029	repeat	30
chr4_KI270789v1_alt	128242	128272	MIR_SINE_128242_128272	repeat	30
chr4_KI270789v1_alt	196517	196546	(GGCC)n_Simple_repeat_196517_196546	repeat	29
chr4_KI270789v1_alt	130108	130137	(TGTT)n_Simple_repeat_130108_130137	repeat	29
chr4_KI270789v1_alt	89345	89373	(TA)n_Simple_repeat_89345_89373	repeat	28
chr4_KI270789v1_alt	196666	196694	MER5A_DNA_196666_196694	repeat	28
chr4_KI270789v1_alt	55605	55632	(AC)n_Simple_repeat_55605_55632	repeat	27
chr4_KI270789v1_alt	62146	62172	(TTG)n_Simple_repeat_62146_62172	repeat	26
chr4_KI270789v1_alt	102570	102595	(AAAAG)n_Simple_repeat_102570_102595	repeat	25
chr4_KI270789v1_alt	158714	158738	(CA)n_Simple_repeat_158714_158738	repeat	24
chr4_KI270789v1_alt	74553	74577	(AG)n_Simple_repeat_74553_74577	repeat	24
chr4_KI270789v1_alt	21423	21447	L1PBa_LINE_21307_21447|L1PBa_LINE_21423_21494	repeat	24
chr4_KI270789v1_alt	149763	149787	(A)n_Simple_repeat_149763_149787	repeat	24
chr4_KI270789v1_alt	115611	115633	(TTTG)n_Simple_repeat_115611_115633	repeat	22
chr4_KI270789v1_alt	65028	65049	(T)n_Simple_repeat_65028_65049	repeat	21
chr4_KI270789v1_alt	36782	36803	(CA)n_Simple_repeat_36782_36803	repeat	21
chr4_KI270789v1_alt	98679	98699	(GCA)n_Simple_repeat_98679_98699	repeat	20
chr4_KI270789v1_alt	107822	107841	(TGA)n_Simple_repeat_107822_107841	repeat	19
chr4_KI270789v1_alt	156282	156300	(AC)n_Simple_repeat_156282_156300	repeat	18
chr4_KI270789v1_alt	196500	196517	(AGGC)n_Simple_repeat_196500_196517	repeat	17
chr4_KI270789v1_alt	55588	55605	(TA)n_Simple_repeat_55588_55605	repeat	17
chr4_KI270789v1_alt	15012	15028	L1ME1_LINE_15012_15028	repeat	16
chr4_KI270789v1_alt	21479	21494	L1PBa_LINE_21423_21494|L1PBa_LINE_21479_22540	repeat	15
chr4_KI270789v1_alt	55632	55642	(TA)n_Simple_repeat_55632_55642	repeat	10
chr4_KI270789v1_alt	196546	196556	(AGGC)n_Simple_repeat_196546_196556	repeat	10
chr4_KI270789v1_alt	141762	141767	L1PREC2_LINE_141241_141767|L1MB2_LINE_141762_142262	repeat	5
chr4_KI270789v1_alt	143251	143255	MIRc_SINE_143069_143255|MIRc_SINE_143251_143355	repeat	4
chr4_KI270789v1_alt	89052	89054	L2a_LINE_88833_89054|L2c_LINE_89052_89343	repeat	2
chr4_KI270789v1_alt	154630	154631	L1ME1_LINE_153536_154631|L1ME1_LINE_154630_154799	repeat	1
